P10inF1 5890443.852 4539932.945 130.913
P10inF2 5890444.015 4539936.534 130.915
P10inF4 5890440.416 4539936.685 130.912
P10inF5 5890440.253 4539933.099 130.913
P10inF8 5890443.678 4539928.931 130.912
P10inF10 5890440.086 4539929.103 130.912
P10inF11 5890439.926 4539925.501 130.917
P10inF14 5890443.521 4539925.336 130.914
P10inF15 5890443.370 4539921.848 130.918
P10inF18 5890439.770 4539922.010 130.915
P10inF19 5890439.616 4539918.417 130.913
P10inF21 5890443.209 4539918.253 130.917
P10inF22 5890443.030 4539914.249 130.919
P10inF25 5890439.421 4539914.421 130.913
P10inF26 5890439.281 4539910.822 130.914
P10inF27 5890442.864 4539910.661 130.917
P11inF1 5890469.637 4539913.402 131.138
P11inF2 5890469.574 4539909.800 131.138
P11inF5 5890473.173 4539909.738 131.133
P11inF6 5890473.242 4539913.338 131.135
P11inF9 5890469.712 4539917.407 131.138
P11inF12 5890473.317 4539917.329 131.133
P11inF13 5890473.382 4539920.927 131.135
P11inF16 5890469.782 4539921.006 131.134
P11inF17 5890469.849 4539924.490 131.133
P11inF20 5890473.447 4539924.433 131.132
P11inF21 5890473.518 4539928.030 131.129
P11inF24 5890469.921 4539928.090 131.134
P11inF25 5890470.003 4539932.091 131.140
P11inF28 5890473.601 4539932.035 131.128
P11inF29 5890473.671 4539935.619 131.127
P11inF31 5890470.067 4539935.689 131.131
P14inF1 5890564.094 4539911.508 130.197
P14inF4 5890560.499 4539911.315 130.198
P14inF5 5890560.288 4539914.907 130.202
P14inF8 5890563.888 4539915.105 130.200
P14inF9 5890563.666 4539919.099 130.202
P14inF12 5890560.062 4539918.900 130.201
P14inF13 5890559.863 4539922.493 130.202
P14inF16 5890563.463 4539922.694 130.210
P14inF17 5890563.279 4539926.185 130.203
P14inF20 5890559.683 4539925.983 130.200
P14inF21 5890559.477 4539929.575 130.202
P14inF24 5890563.069 4539929.780 130.201
P14inF25 5890562.849 4539933.763 130.195
P14inF27 5890559.254 4539933.569 130.200
P14inF28 5890559.044 4539937.165 130.195
P14inF31 5890562.640 4539937.357 130.201
P15inF1 5890594.339 4539913.611 130.176
P15inF4 5890590.738 4539913.321 130.192
P15inF5 5890590.457 4539916.910 130.189
P15inF8 5890594.048 4539917.208 130.188
P15inF9 5890592.320 4539921.109 130.226
P15inF11 5890590.135 4539920.906 130.192
P15inF12 5890589.849 4539924.496 130.191
P15inF15 5890593.436 4539924.785 130.183
P15inF16 5890593.157 4539928.263 130.190
P15inF19 5890589.565 4539927.979 130.190
P15inF20 5890589.266 4539931.568 130.188
P15inF23 5890592.859 4539931.852 130.188
P15inF24 5890592.542 4539935.833 130.184
P15inF27 5890588.949 4539935.548 130.188
P15inF28 5890588.674 4539939.138 130.185
P15inF31 5890592.264 4539939.418 130.187
P16inwF1 5890621.783 4539942.229 130.210
P16inwF4 5890618.206 4539941.861 130.222
P16inwF5 5890618.572 4539938.284 130.210
P16inwF8 5890622.152 4539938.649 130.204
P16inwF9 5890622.586 4539934.679 130.215
P16inwF12 5890619.001 4539934.290 130.229
P16inwF13 5890619.392 4539930.718 130.214
P16inwF16 5890622.968 4539931.102 130.211
P16inwF17 5890623.348 4539927.623 130.211
P16inwF20 5890619.757 4539927.231 130.211
P16inwF21 5890620.136 4539923.650 130.212
P16inwF23 5890623.704 4539924.037 130.222
P16inwF24 5890624.152 4539920.064 130.208
P16inwF27 5890620.563 4539919.674 130.206
P16inwF28 5890620.939 4539916.099 130.205
P16inwF31 5890624.521 4539916.483 130.208
P17inwF1 5890651.254 4539945.765 130.244
P17inwF4 5890647.690 4539945.298 130.247
P17inwF5 5890648.138 4539941.725 130.247
P17inwF8 5890651.713 4539942.196 130.243
P17inwF9 5890652.228 4539938.231 130.245
P17inwF12 5890648.662 4539937.763 130.238
P17inwF13 5890649.128 4539934.194 130.243
P17inwF16 5890652.696 4539934.663 130.250
P17inwF17 5890653.163 4539931.189 130.257
P17inwF20 5890649.592 4539930.726 130.243
P17inwF21 5890650.054 4539927.152 130.249
P17inwF24 5890653.622 4539927.622 130.256
P17inwF25 5890654.159 4539923.658 130.243
P17inwF28 5890650.586 4539923.190 130.241
P17inwF29 5890651.057 4539919.621 130.240
P17inwF32 5890654.623 4539920.094 130.249
P18inF1 5890684.618 4539924.445 130.590
P18inF3 5890681.066 4539923.894 130.591
P18inF4 5890680.507 4539927.457 130.596
P18inF7 5890684.061 4539928.006 130.596
P18inF8 5890683.438 4539931.972 130.589
P18inF11 5890679.880 4539931.404 130.595
P18inF12 5890679.334 4539934.965 130.592
P18inF15 5890682.895 4539935.530 130.592
P18inF16 5890678.779 4539938.423 130.593
P18inF19 5890682.335 4539938.978 130.595
P18inF20 5890681.784 4539942.531 130.593
P18inF23 5890678.230 4539941.979 130.592
P18inF24 5890677.603 4539945.931 130.592
P18inF27 5890681.160 4539946.491 130.594
P18inF28 5890680.600 4539950.044 130.595
P18inF31 5890677.048 4539949.483 130.591
P19inF1 5890700.462 4539953.356 131.261
P19inF4 5890704.005 4539953.980 131.263
P19inF5 5890704.630 4539950.439 131.262
P19inF8 5890701.092 4539949.811 131.266
P19inF9 5890701.791 4539945.870 131.268
P19inF12 5890705.334 4539946.505 131.271
P19inF13 5890705.967 4539942.963 131.267
P19inF16 5890702.422 4539942.331 131.270
P19inF17 5890706.580 4539939.512 131.265
P19inF20 5890703.039 4539938.879 131.263
P19inF21 5890703.671 4539935.338 131.269
P19inF24 5890707.209 4539935.971 131.266
P19inF25 5890707.913 4539932.024 131.263
P19inF28 5890704.370 4539931.385 131.270
P19inF29 5890705.002 4539927.853 131.265
P19inF32 5890708.538 4539928.480 131.266
